4 0.25 0.259375 0.2140625 0.2890625
4 0.3875 0.2375 0.1890625 0.3078125
4 0.52578125 0.20859375 0.196875 0.31875
4 0.68203125 0.18046875 0.19375 0.3328125
4 0.76953125 0.4375 0.2 0.3046875
4 0.62578125 0.4609375 0.165625 0.2890625
4 0.496875 0.48984375 0.1890625 0.2984375
4 0.38515625 0.4984375 0.190625 0.29375
4 0.2671875 0.51171875 0.190625 0.278125
4 0.84921875 0.740625 0.1515625 0.390625
4 0.75078125 0.7484375 0.1390625 0.375
4 0.6546875 0.75703125 0.1328125 0.3796875
4 0.57578125 0.76171875 0.1484375 0.36875
4 0.50078125 0.76640625 0.1578125 0.375
4 0.41953125 0.77890625 0.18125 0.371875
4 0.34296875 0.78515625 0.1734375 0.359375
4 0.26875 0.784375 0.1765625 0.353125
4 0.1953125 0.7921875 0.1859375 0.3546875
4 0.12109375 0.7890625 0.190625 0.353125