4 0.096875 0.31171875 0.0640625 0.19375
4 0.1390625 0.3140625 0.05859375 0.1828125
4 0.10859375 0.52421875 0.09296875 0.2453125
4 0.165625 0.525 0.09765625 0.23125
4 0.13046875 0.809375 0.10546875 0.30703125
4 0.2015625 0.80234375 0.1046875 0.30390625
4 0.2734375 0.240625 0.2203125 0.05
4 0.28046875 0.2953125 0.228125 0.0453125
4 0.28984375 0.3390625 0.21640625 0.05859375
4 0.30625 0.40078125 0.23359375 0.0578125
4 0.31484375 0.47421875 0.24296875 0.08125
4 0.33515625 0.5140625 0.2453125 0.0703125
4 0.3453125 0.59921875 0.25546875 0.1171875
4 0.359375 0.6734375 0.26953125 0.13515625
4 0.36953125 0.7640625 0.27265625 0.1265625
4 0.3921875 0.84453125 0.28359375 0.1640625
4 0.471875 0.26796875 0.18515625 0.10234375
4 0.496875 0.35859375 0.2078125 0.1046875
4 0.53359375 0.4484375 0.21328125 0.115625
4 0.56640625 0.56484375 0.21640625 0.15234375
4 0.60859375 0.69453125 0.2328125 0.175
4 0.6625 0.265625 0.23671875 0.128125
4 0.7203125 0.36015625 0.25234375 0.1265625
4 0.7671875 0.49921875 0.271875 0.19609375
4 0.83359375 0.64296875 0.3015625 0.2046875