4 0.10703125 0.290625 0.0734375 0.196875
4 0.14921875 0.2953125 0.06875 0.1859375
4 0.1078125 0.50390625 0.10625 0.25
4 0.16484375 0.5078125 0.109375 0.2359375
4 0.11484375 0.78984375 0.121875 0.3125
4 0.1859375 0.7859375 0.1203125 0.309375
4 0.2875 0.22890625 0.221875 0.0609375
4 0.29140625 0.284375 0.2296875 0.0578125
4 0.2984375 0.328125 0.21875 0.0703125
4 0.31171875 0.390625 0.2359375 0.0703125
4 0.31640625 0.46484375 0.246875 0.09375
4 0.334375 0.50546875 0.2484375 0.0828125
4 0.340625 0.590625 0.2609375 0.1296875
4 0.35078125 0.665625 0.2765625 0.1484375
4 0.35625 0.75703125 0.2796875 0.140625
4 0.37421875 0.83828125 0.2921875 0.178125
4 0.484375 0.2671875 0.190625 0.1125
4 0.50390625 0.35859375 0.2125 0.115625
4 0.5359375 0.45 0.21875 0.1265625
4 0.56328125 0.56796875 0.2234375 0.1640625
4 0.5984375 0.7 0.2421875 0.1875
4 0.67421875 0.27421875 0.24375 0.140625
4 0.72734375 0.371875 0.259375 0.1390625
4 0.7671875 0.51328125 0.28125 0.209375
4 0.82578125 0.66015625 0.3125 0.2203125