4 0.19609375 0.26953125 0.146875 0.26015625
4 0.26640625 0.27109375 0.15 0.24921875
4 0.334375 0.278125 0.13203125 0.24921875
4 0.39609375 0.27890625 0.13203125 0.2625
4 0.46875 0.28203125 0.11875 0.26171875
4 0.53828125 0.28984375 0.10703125 0.2625
4 0.6109375 0.2890625 0.103125 0.27109375
4 0.68828125 0.29921875 0.078125 0.2828125
4 0.7640625 0.2953125 0.0765625 0.29296875
4 0.8390625 0.30078125 0.08125 0.29296875
4 0.32734375 0.0859375 0.121875 0.16796875
4 0.4203125 0.08125 0.15546875 0.159375
4 0.52578125 0.0890625 0.1375 0.1765625
4 0.63671875 0.10078125 0.1296875 0.190625
4 0.75 0.10078125 0.121875 0.19609375
4 0.21796875 0.44140625 0.28046875 0.09765625
4 0.19296875 0.509375 0.2796875 0.0890625
4 0.48359375 0.46484375 0.2765625 0.14375
4 0.45625 0.5421875 0.2796875 0.14765625
4 0.76875 0.478125 0.29609375 0.12421875
4 0.7609375 0.58359375 0.3 0.13203125
4 0.19921875 0.609375 0.24921875 0.12109375
4 0.2109375 0.69453125 0.24140625 0.13359375
4 0.45234375 0.64140625 0.2875 0.13203125
4 0.4671875 0.72109375 0.2671875 0.1375
4 0.75390625 0.67734375 0.29296875 0.134375
4 0.74296875 0.76953125 0.28984375 0.1296875