4 0.79140625 0.25390625 0.1609375 0.2671875
4 0.72109375 0.259375 0.1625 0.25625
4 0.65390625 0.26953125 0.1453125 0.25625
4 0.5921875 0.2734375 0.1453125 0.26875
4 0.51953125 0.28046875 0.1328125 0.2671875
4 0.45078125 0.2921875 0.1203125 0.2671875
4 0.378125 0.2953125 0.1171875 0.2765625
4 0.3015625 0.309375 0.0921875 0.2859375
4 0.22578125 0.309375 0.0921875 0.296875
4 0.15078125 0.31875 0.096875 0.296875
4 0.65 0.08203125 0.13125 0.1640625
4 0.55703125 0.08046875 0.1640625 0.1609375
4 0.453125 0.090625 0.146875 0.18125
4 0.3421875 0.10859375 0.1390625 0.196875
4 0.2296875 0.1140625 0.13125 0.2015625
4 0.77890625 0.4265625 0.2859375 0.1125
4 0.80703125 0.49296875 0.284375 0.103125
4 0.51484375 0.4640625 0.284375 0.1578125
4 0.54609375 0.53984375 0.2875 0.1625
4 0.23046875 0.4921875 0.3015625 0.1390625
4 0.24375 0.596875 0.30625 0.146875
4 0.80625 0.59375 0.2546875 0.134375
4 0.79921875 0.67890625 0.2484375 0.1453125
4 0.5546875 0.6390625 0.29375 0.146875
4 0.54453125 0.71875 0.2734375 0.1515625
4 0.25546875 0.690625 0.3 0.15
4 0.27109375 0.78203125 0.296875 0.1453125