4 0.26171875 0.65546875 0.2234375 0.33984375
4 0.3296875 0.6828125 0.1734375 0.31796875
4 0.3875 0.68515625 0.16171875 0.29453125
4 0.44921875 0.68125 0.15234375 0.2984375
4 0.5 0.70703125 0.146875 0.30859375
4 0.57421875 0.7140625 0.11640625 0.3234375
4 0.6484375 0.7234375 0.1546875 0.37890625
4 0.54921875 0.37109375 0.2203125 0.15078125
4 0.55078125 0.309375 0.21328125 0.12421875
4 0.58984375 0.28515625 0.2046875 0.128125
4 0.57734375 0.2453125 0.17109375 0.08828125
4 0.61640625 0.2109375 0.19140625 0.1109375