4 0.27421875 0.75078125 0.32109375 0.290625
4 0.37109375 0.68984375 0.2625 0.2421875
4 0.38203125 0.58671875 0.28203125 0.26015625
4 0.46328125 0.528125 0.278125 0.26015625
4 0.4859375 0.453125 0.2515625 0.23359375
4 0.46796875 0.17890625 0.1609375 0.19609375
4 0.52265625 0.19765625 0.125 0.17421875
4 0.57421875 0.2015625 0.125 0.17578125
4 0.6109375 0.2203125 0.1265625 0.18046875
4 0.65859375 0.22578125 0.11953125 0.1828125
4 0.70625 0.240625 0.121875 0.18359375
4 0.76015625 0.24453125 0.14453125 0.228125