4 0.3296875 0.23984375 0.08359375 0.29765625
4 0.38671875 0.22890625 0.06640625 0.2578125
4 0.43359375 0.2171875 0.05859375 0.25859375
4 0.47890625 0.21953125 0.05859375 0.253125
4 0.52265625 0.2015625 0.05390625 0.2546875
4 0.5640625 0.19375 0.0546875 0.2671875
4 0.6171875 0.1796875 0.07578125 0.3015625
4 0.496875 0.57578125 0.23671875 0.11953125
4 0.509375 0.65546875 0.234375 0.11796875
4 0.48046875 0.734375 0.23671875 0.103125
4 0.5125 0.809375 0.21484375 0.0828125
4 0.47734375 0.90390625 0.24296875 0.1015625